19.172,34.47,44.452,54.25,62.038,66.922,70.414,73.172,75.422,76.866,77.906,78.8,79.542,80.526,80.836,81.536,81.678,82.286,82.642,83.026,83.378,83.546,83.984,84.32,84.722,84.978,85.52,85.61,85.86,86.076,86.192,86.572,86.828,86.948,87.338,87.254,87.764,87.942,88.146,88.2,88.706,88.696,88.896,89.224,89.616,89.804,90.004,90.336,90.302,90.552,90.802,91.214,91.336,91.68,91.836,91.952,92.5,92.464,92.576,93.242,93.26,93.482,94.054,94.214,94.408,94.716,94.998,95.158,95.532,96.024,96.088,96.458,96.792,96.766,97.336,97.634,97.918,98.226,98.354,98.692,99.154,99.186,99.194,99.538,99.592,99.642,99.734,99.836,99.87,99.926,99.902,99.922,99.926,99.948,99.956,99.958,99.95,99.968,99.97,99.952
23.746,39.768,50.31,57.622,64.23,68.91,72.644,75.492,77.674,79.262,80.35,81.616,82.428,83.34,83.75,84.33,84.77,84.734,85.448,85.754,86.448,86.368,86.754,87.182,87.452,87.284,87.646,88.25,88.706,88.746,88.972,89.12,89.36,89.616,89.714,90.136,89.93,90.508,90.584,90.648,91.066,91.082,91.542,91.686,91.9,91.808,92.25,92.496,92.598,92.704,92.878,93.318,93.638,93.72,93.824,93.914,94.19,94.37,94.62,95.17,94.94,95.21,95.48,95.784,95.956,96.252,96.318,96.682,96.894,97.236,97.302,97.522,97.71,97.892,98.276,98.406,98.634,98.852,98.902,99.07,99.332,99.454,99.554,99.722,99.772,99.802,99.884,99.864,99.922,99.916,99.962,99.952,99.95,99.956,99.966,99.96,99.98,99.972,99.97,99.964
1.828,4.916,8.834,12.962,18.15,23.778,29.236,33.48,37.072,40.208,42.618,44.808,46.818,48.782,50.594,52.038,53.394,54.544,55.864,56.99,57.562,58.586,59.24,60.136,60.93,61.424,61.946,62.822,63.512,64.028,64.282,65.122,65.492,66.196,66.758,67.098,67.642,68.158,68.552,69.594,69.396,70.018,70.774,71.058,71.758,72.052,72.728,73.508,74.11,74.436,75.246,75.858,76.222,77.31,77.796,78.212,78.762,79.556,80.362,81.204,82.004,82.622,83.376,84.85,85.248,85.692,86.904,87.774,88.964,90.048,90.71,91.342,92.824,93.79,94.496,95.608,96.36,96.99,97.834,98.258,98.67,99.002,99.252,99.554,99.596,99.722,99.75,99.812,99.834,99.842,99.882,99.92,99.898,99.884,99.914,99.908,99.902,99.906,99.91,99.918
4.616,13.004,22.23,30.23,36.342,41.578,45.096,48.76,51.532,53.922,56.208,57.742,58.806,60.736,61.78,62.92,63.768,64.642,65.904,66.306,67.134,68.086,68.72,69.032,70.234,70.588,71.278,71.618,72.31,73.126,73.566,74.072,74.456,75.186,75.764,76.518,76.93,76.756,77.494,78.064,78.344,79.092,79.952,80.162,80.72,81.472,81.842,82.46,82.956,83.588,84.238,84.616,85.328,85.74,86.554,87.15,87.498,88.246,88.91,89.73,90.034,90.398,91.244,92.24,92.784,93.406,93.648,94.196,94.902,95.788,96.176,97.054,97.274,97.82,98.106,98.678,98.944,99.234,99.46,99.67,99.68,99.832,99.904,99.868,99.91,99.924,99.916,99.936,99.946,99.95,99.936,99.938,99.944,99.962,99.958,99.952,99.968,99.962,99.974,99.968
15.668,30.354,43.594,56.11,63.406,68.212,71.326,73.946,75.252,76.838,77.38,78.68,79.094,80.098,80.252,80.54,81.278,82.01,82.022,82.38,82.834,82.928,83.328,83.552,83.748,84.368,84.04,84.346,84.834,84.84,85.09,85.142,85.458,85.59,86.178,86.264,86.626,86.71,86.788,87.006,87.048,87.65,87.842,87.956,88.076,88.206,88.638,88.83,88.936,89.102,89.272,89.904,90.082,90.488,90.436,90.866,91.122,91.384,91.866,91.932,91.894,92.34,92.776,92.928,93.382,93.816,93.992,94.22,94.492,94.988,95.346,95.51,95.53,96.286,96.234,96.932,97.2,97.418,97.756,98.018,98.4,98.634,98.736,98.992,99.096,99.376,99.53,99.596,99.654,99.714,99.748,99.782,99.81,99.816,99.83,99.868,99.87,99.87,99.862,99.85
55.414,72.206,77.146,80.106,81.974,83.438,83.974,84.876,85.158,85.866,86.23,86.468,86.91,87.226,87.312,87.438,87.71,87.882,88.074,88.376,88.51,88.496,88.75,88.928,89.118,89.352,89.344,89.512,89.586,89.528,89.888,89.784,90.208,90.204,90.548,90.684,90.86,90.818,91.164,91.19,91.398,91.548,91.72,91.714,92.096,92.038,92.324,92.514,92.554,92.954,93.216,93.364,93.376,93.744,93.8,93.762,94.266,94.442,94.38,94.798,94.876,95.15,95.568,95.652,95.75,95.966,96.246,96.4,96.66,96.958,97.132,97.288,97.662,97.762,97.876,98.058,98.31,98.408,98.608,98.816,98.92,99.1,99.208,99.398,99.43,99.502,99.652,99.664,99.642,99.722,99.784,99.782,99.842,99.868,99.836,99.836,99.864,99.882,99.878,99.896
1.468,2.662,5.586,9.08,14.108,20.582,25.89,31.186,35.05,38.41,41.132,43.334,44.966,47.276,48.764,50.138,51.244,52.464,53.228,54.358,55.162,56.148,56.65,57.668,58.15,59.164,59.698,60.196,61.012,61.398,61.932,62.71,63.498,63.794,64.438,65.206,65.758,66.362,67.094,67.486,68.166,68.586,69.408,69.998,70.662,71.534,72.278,72.798,73.842,74.222,74.8,75.894,76.73,77.576,78.652,79.424,80.308,81.05,82.456,83.076,83.738,85.194,86.582,87.246,88.608,89.412,90.358,91.368,92.596,93.666,94.794,95.526,96.678,97.218,97.9,98.438,98.706,99.006,99.342,99.59,99.718,99.718,99.774,99.812,99.86,99.872,99.908,99.906,99.918,99.918,99.936,99.94,99.938,99.924,99.92,99.944,99.926,99.938,99.934,99.952
18.734,32.414,40.902,45.386,49.126,52.0,53.94,55.664,57.12,58.488,59.262,60.454,61.392,62.264,63.026,63.63,64.354,64.574,65.516,66.044,66.658,67.506,67.758,68.16,68.876,69.26,69.516,70.41,70.896,71.182,71.676,71.8,72.894,73.012,73.436,74.22,73.794,75.092,75.602,76.434,77.038,77.208,77.96,78.662,79.168,79.426,80.37,80.422,81.38,81.63,82.608,82.97,83.834,84.446,85.236,85.8,86.288,86.822,87.54,88.014,88.732,89.388,90.162,90.462,91.41,92.056,93.056,93.978,94.634,95.582,96.584,97.464,97.97,98.544,98.956,99.218,99.478,99.61,99.666,99.738,99.804,99.804,99.82,99.874,99.898,99.908,99.91,99.914,99.94,99.91,99.926,99.93,99.938,99.93,99.95,99.96,99.928,99.946,99.938,99.95
11.082
32.86
20.312
22.58
20.312
22.58
2.092
3.342
14.862
17.106,31.678,46.1,57.87,64.684,69.962,73.142,75.542,76.936,78.682,79.554,80.902,82.032,82.922,83.816,84.63,85.752,86.742,88.044,89.008,90.14,91.088,92.32,93.492,94.492,95.602,96.344,96.906,97.176,97.43
54.808,71.788,77.352,79.794,82.07,83.418,84.36,85.482,86.162,86.95,87.646,88.364,89.014,89.744,90.182,91.1,91.832,92.562,93.118,94.238,94.9,95.824,96.508,97.182,97.818,98.31,98.694,98.926,98.952,99.11
1.362,1.916,4.662,8.712,14.08,20.384,25.76,30.998,34.982,38.738,42.256,44.982,47.708,50.638,53.004,55.108,57.748,60.366,63.038,65.27,68.156,71.518,74.748,78.188,81.552,85.212,87.716,89.82,91.046,91.626
18.72,32.808,40.73,45.768,49.706,52.434,54.478,57.096,58.734,61.04,62.582,64.7,66.396,68.04,70.422,72.204,74.416,76.904,79.378,81.998,85.176,87.724,90.726,93.4,95.61,97.002,97.832,98.26,98.552,98.586
15.214
9.862
15.214
9.862
9.678
